M = [-1 3 -3 1; 3 -6 3 0; -3 0 3 0; 1 4 1 0];
p0x = [0; 0; 1; 2];
p0y = [0; 0; 0.3; 1.7];
x0 = 1/6 * M*p0x
y0 = 1/6 * M*p0y

p1x = [0; 1; 2; 3];
p1y = [0; 0.3; 1.7; 1.5];
x1 = 1/6 * M*p1x
y1 = 1/6 * M*p1y

p2x = [1; 2; 3; 3];
p2y = [0.3; 1.7; 1.5; 1.5];
x2 = 1/6 * M*p2x
y2 = 1/6 * M*p2y